0,529
0,528
0,527
0,526
0,525
36,38
36,37
36,36
33,139
33,138
33,137
33,136
33,135
33,134
33,133
33,132
33,131
33,130
33,129
33,128
33,127
33,126
33,125
33,124
33,123
33,122
33,121
33,120
33,119
33,118
33,117
33,116
33,115
33,114
33,113
33,112
33,111
33,110
51,3
51,2
51,1
51,0
50,3
50,2
50,1
50,0
49,3
49,2
49,1
49,0
48,3
48,2
48,1
48,0
47,3
47,2
47,1
47,0
46,3
46,2
0,524
46,1
46,0
45,3
45,2
45,1
45,0
44,3
44,2
44,1
44,0
43,3
43,2
0,523
43,1
43,0
42,3
42,2
42,1
42,0
0,522
0,521
0,520
0,519
0,518
0,517
0,516
0,515
0,514
0,513
0,512
0,511
0,510
0,509
0,508
0,474
41,3
41,2
41,1
41,0
40,3
40,2
40,1
40,0
39,3
39,2
39,1
39,0
38,3
38,2
38,1
38,0
37,3
37,2
0,9
37,1
37,0
33,109
33,2
33,0
31,4
28,4
29,1
29,3
34,2
34,5
34,4
34,1
34,3
31,5
31,1
31,3
36,35
28,5
27,5
28,1
28,3
27,1
27,3
33,4
25,4
25,1
25,3
24,4
24,1
24,3
33,5
33,3
3,2
3,1
3,3
10,152
10,170
10,156
10,190
